[gd_scene load_steps=16 format=2]

[ext_resource path="res://HumanEnemy.gd" type="Script" id=1]
[ext_resource path="res://Assets/HatWorker.material" type="Material" id=2]
[ext_resource path="res://Assets/BodyWorker.material" type="Material" id=3]
[ext_resource path="res://SoundSystem.tscn" type="PackedScene" id=4]
[ext_resource path="res://Sound Audio/WorkerWalkLeftFeet.wav" type="AudioStream" id=5]
[ext_resource path="res://Sound Audio/WorkerWalkRightFeet.wav" type="AudioStream" id=6]

[sub_resource type="PhysicsMaterial" id=3]
friction = 0.0
rough = true

[sub_resource type="CapsuleShape" id=1]

[sub_resource type="ArrayMesh" id=7]
resource_name = "Workers_Plane005"
surfaces/0 = {
"aabb": AABB( -0.363415, 4.35954, -0.432272, 0.726829, 0.310409, 1.39346 ),
"array_data": PoolByteArray( 138, 28, 166, 61, 240, 142, 139, 64, 37, 78, 230, 62, 250, 120, 127, 193, 0, 60, 0, 60, 4, 0, 0, 0, 255, 255, 0, 0, 0, 0, 0, 0, 138, 28, 166, 61, 240, 142, 139, 64, 37, 78, 230, 62, 254, 124, 127, 193, 0, 60, 0, 60, 4, 0, 0, 0, 255, 255, 0, 0, 0, 0, 0, 0, 138, 28, 166, 61, 240, 142, 139, 64, 37, 78, 230, 62, 30, 0, 125, 79, 0, 60, 0, 60, 4, 0, 0, 0, 255, 255, 0, 0, 0, 0, 0, 0, 138, 28, 166, 61, 240, 142, 139, 64, 37, 78, 230, 62, 39, 0, 127, 193, 0, 60, 0, 60, 4, 0, 0, 0, 255, 255, 0, 0, 0, 0, 0, 0, 138, 28, 166, 61, 43, 182, 145, 64, 37, 78, 230, 62, 3, 94, 127, 193, 0, 60, 0, 0, 4, 0, 0, 0, 255, 255, 0, 0, 0, 0, 0, 0, 138, 28, 166, 61, 43, 182, 145, 64, 37, 78, 230, 62, 22, 85, 127, 193, 0, 60, 0, 0, 4, 0, 0, 0, 255, 255, 0, 0, 0, 0, 0, 0, 138, 28, 166, 61, 43, 182, 145, 64, 37, 78, 230, 62, 30, 0, 125, 79, 0, 60, 0, 0, 4, 0, 0, 0, 255, 255, 0, 0, 0, 0, 0, 0, 138, 28, 166, 61, 43, 182, 145, 64, 37, 78, 230, 62, 39, 0, 127, 193, 0, 60, 0, 0, 4, 0, 0, 0, 255, 255, 0, 0, 0, 0, 0, 0, 0, 0, 0, 0, 100, 129, 139, 64, 206, 163, 243, 62, 226, 0, 131, 177, 0, 56, 0, 60, 4, 0, 0, 0, 255, 255, 0, 0, 0, 0, 0, 0, 0, 0, 0, 0, 100, 129, 139, 64, 206, 163, 243, 62, 254, 124, 127, 193, 0, 56, 0, 60, 4, 0, 0, 0, 255, 255, 0, 0, 0, 0, 0, 0, 0, 0, 0, 0, 100, 129, 139, 64, 206, 163, 243, 62, 2, 124, 127, 193, 0, 56, 0, 60, 4, 0, 0, 0, 255, 255, 0, 0, 0, 0, 0, 0, 0, 0, 0, 0, 100, 129, 139, 64, 206, 163, 243, 62, 30, 0, 125, 79, 0, 56, 0, 60, 4, 0, 0, 0, 255, 255, 0, 0, 0, 0, 0, 0, 0, 0, 0, 0, 159, 168, 145, 64, 206, 163, 243, 62, 226, 0, 131, 177, 0, 56, 0, 0, 4, 0, 0, 0, 255, 255, 0, 0, 0, 0, 0, 0, 0, 0, 0, 0, 159, 168, 145, 64, 206, 163, 243, 62, 253, 94, 127, 193, 0, 56, 0, 0, 4, 0, 0, 0, 255, 255, 0, 0, 0, 0, 0, 0, 0, 0, 0, 0, 159, 168, 145, 64, 206, 163, 243, 62, 3, 94, 127, 193, 0, 56, 0, 0, 4, 0, 0, 0, 255, 255, 0, 0, 0, 0, 0, 0, 0, 0, 0, 0, 159, 168, 145, 64, 206, 163, 243, 62, 30, 0, 125, 79, 0, 56, 0, 0, 4, 0, 0, 0, 255, 255, 0, 0, 0, 0, 0, 0, 36, 158, 157, 61, 97, 85, 149, 64, 61, 69, 183, 61, 0, 125, 127, 193, 0, 60, 0, 0, 4, 0, 0, 0, 255, 255, 0, 0, 0, 0, 0, 0, 36, 158, 157, 61, 97, 85, 149, 64, 61, 69, 183, 61, 3, 94, 127, 193, 0, 60, 0, 0, 4, 0, 0, 0, 255, 255, 0, 0, 0, 0, 0, 0, 36, 158, 157, 61, 97, 85, 149, 64, 61, 69, 183, 61, 22, 85, 127, 193, 0, 60, 0, 0, 4, 0, 0, 0, 255, 255, 0, 0, 0, 0, 0, 0, 36, 158, 157, 61, 97, 85, 149, 64, 61, 69, 183, 61, 36, 89, 127, 193, 0, 60, 0, 0, 4, 0, 0, 0, 255, 255, 0, 0, 0, 0, 0, 0, 0, 0, 0, 0, 97, 85, 149, 64, 61, 69, 183, 61, 253, 94, 127, 193, 0, 56, 0, 0, 4, 0, 0, 0, 255, 255, 0, 0, 0, 0, 0, 0, 0, 0, 0, 0, 97, 85, 149, 64, 61, 69, 183, 61, 0, 125, 127, 193, 0, 56, 0, 0, 4, 0, 0, 0, 255, 255, 0, 0, 0, 0, 0, 0, 0, 0, 0, 0, 97, 85, 149, 64, 61, 69, 183, 61, 3, 94, 127, 193, 0, 56, 0, 0, 4, 0, 0, 0, 255, 255, 0, 0, 0, 0, 0, 0, 36, 158, 157, 61, 66, 112, 149, 64, 202, 69, 64, 190, 218, 125, 127, 63, 0, 60, 0, 0, 4, 0, 0, 0, 255, 255, 0, 0, 0, 0, 0, 0, 36, 158, 157, 61, 66, 112, 149, 64, 202, 69, 64, 190, 0, 125, 127, 193, 0, 60, 0, 0, 4, 0, 0, 0, 255, 255, 0, 0, 0, 0, 0, 0, 36, 158, 157, 61, 66, 112, 149, 64, 202, 69, 64, 190, 48, 110, 127, 63, 0, 60, 0, 0, 4, 0, 0, 0, 255, 255, 0, 0, 0, 0, 0, 0, 36, 158, 157, 61, 66, 112, 149, 64, 202, 69, 64, 190, 53, 95, 127, 63, 0, 60, 0, 0, 4, 0, 0, 0, 255, 255, 0, 0, 0, 0, 0, 0, 36, 158, 157, 61, 66, 112, 149, 64, 202, 69, 64, 190, 36, 89, 127, 193, 0, 60, 0, 0, 4, 0, 0, 0, 255, 255, 0, 0, 0, 0, 0, 0, 0, 0, 0, 0, 66, 112, 149, 64, 202, 69, 64, 190, 218, 125, 127, 63, 0, 56, 0, 0, 4, 0, 0, 0, 255, 255, 0, 0, 0, 0, 0, 0, 0, 0, 0, 0, 66, 112, 149, 64, 202, 69, 64, 190, 0, 125, 127, 193, 0, 56, 0, 0, 4, 0, 0, 0, 255, 255, 0, 0, 0, 0, 0, 0, 0, 0, 0, 0, 66, 112, 149, 64, 202, 69, 64, 190, 38, 125, 127, 63, 0, 56, 0, 0, 4, 0, 0, 0, 255, 255, 0, 0, 0, 0, 0, 0, 36, 158, 157, 61, 65, 49, 146, 64, 181, 82, 221, 190, 130, 119, 127, 63, 0, 60, 0, 0, 4, 0, 0, 0, 255, 255, 0, 0, 0, 0, 0, 0, 36, 158, 157, 61, 65, 49, 146, 64, 181, 82, 221, 190, 218, 125, 127, 63, 0, 60, 0, 0, 4, 0, 0, 0, 255, 255, 0, 0, 0, 0, 0, 0, 36, 158, 157, 61, 65, 49, 146, 64, 181, 82, 221, 190, 48, 110, 127, 63, 0, 60, 0, 0, 4, 0, 0, 0, 255, 255, 0, 0, 0, 0, 0, 0, 36, 158, 157, 61, 65, 49, 146, 64, 181, 82, 221, 190, 126, 93, 127, 63, 0, 60, 0, 0, 4, 0, 0, 0, 255, 255, 0, 0, 0, 0, 0, 0, 0, 0, 0, 0, 65, 49, 146, 64, 81, 242, 218, 190, 130, 119, 127, 63, 0, 56, 0, 0, 4, 0, 0, 0, 255, 255, 0, 0, 0, 0, 0, 0, 0, 0, 0, 0, 65, 49, 146, 64, 81, 242, 218, 190, 218, 125, 127, 63, 0, 56, 0, 0, 4, 0, 0, 0, 255, 255, 0, 0, 0, 0, 0, 0, 0, 0, 0, 0, 65, 49, 146, 64, 81, 242, 218, 190, 38, 125, 127, 63, 0, 56, 0, 0, 4, 0, 0, 0, 255, 255, 0, 0, 0, 0, 0, 0, 0, 0, 0, 0, 65, 49, 146, 64, 81, 242, 218, 190, 126, 119, 127, 63, 0, 56, 0, 0, 4, 0, 0, 0, 255, 255, 0, 0, 0, 0, 0, 0, 152, 229, 102, 62, 102, 204, 139, 64, 123, 242, 196, 62, 250, 120, 127, 193, 0, 60, 0, 60, 4, 0, 0, 0, 255, 255, 0, 0, 0, 0, 0, 0, 152, 229, 102, 62, 102, 204, 139, 64, 123, 242, 196, 62, 39, 0, 127, 193, 0, 60, 0, 60, 4, 0, 0, 0, 255, 255, 0, 0, 0, 0, 0, 0, 152, 229, 102, 62, 102, 204, 139, 64, 123, 242, 196, 62, 90, 0, 127, 193, 0, 60, 0, 60, 4, 0, 0, 0, 255, 255, 0, 0, 0, 0, 0, 0, 152, 229, 102, 62, 161, 243, 145, 64, 123, 242, 196, 62, 22, 85, 127, 193, 0, 60, 0, 0, 4, 0, 0, 0, 255, 255, 0, 0, 0, 0, 0, 0, 152, 229, 102, 62, 161, 243, 145, 64, 123, 242, 196, 62, 39, 0, 127, 193, 0, 60, 0, 0, 4, 0, 0, 0, 255, 255, 0, 0, 0, 0, 0, 0, 152, 229, 102, 62, 161, 243, 145, 64, 123, 242, 196, 62, 90, 0, 127, 193, 0, 60, 0, 0, 4, 0, 0, 0, 255, 255, 0, 0, 0, 0, 0, 0, 58, 164, 168, 62, 202, 207, 139, 64, 30, 181, 252, 61, 90, 0, 127, 193, 0, 60, 0, 60, 4, 0, 0, 0, 255, 255, 0, 0, 0, 0, 0, 0, 58, 164, 168, 62, 202, 207, 139, 64, 30, 181, 252, 61, 111, 4, 127, 193, 0, 60, 0, 60, 4, 0, 0, 0, 255, 255, 0, 0, 0, 0, 0, 0, 58, 164, 168, 62, 4, 247, 145, 64, 31, 181, 252, 61, 22, 85, 127, 193, 0, 60, 0, 0, 4, 0, 0, 0, 255, 255, 0, 0, 0, 0, 0, 0, 58, 164, 168, 62, 4, 247, 145, 64, 31, 181, 252, 61, 36, 89, 127, 193, 0, 60, 0, 0, 4, 0, 0, 0, 255, 255, 0, 0, 0, 0, 0, 0, 58, 164, 168, 62, 4, 247, 145, 64, 31, 181, 252, 61, 90, 0, 127, 193, 0, 60, 0, 0, 4, 0, 0, 0, 255, 255, 0, 0, 0, 0, 0, 0, 58, 164, 168, 62, 4, 247, 145, 64, 31, 181, 252, 61, 111, 4, 127, 193, 0, 60, 0, 0, 4, 0, 0, 0, 255, 255, 0, 0, 0, 0, 0, 0, 121, 17, 186, 62, 179, 15, 140, 64, 214, 10, 32, 190, 125, 54, 127, 63, 0, 60, 0, 60, 4, 0, 0, 0, 255, 255, 0, 0, 0, 0, 0, 0, 121, 17, 186, 62, 179, 15, 140, 64, 214, 10, 32, 190, 111, 4, 127, 193, 0, 60, 0, 60, 4, 0, 0, 0, 255, 255, 0, 0, 0, 0, 0, 0, 176, 28, 178, 62, 106, 249, 145, 64, 19, 189, 44, 190, 53, 95, 127, 63, 0, 60, 0, 0, 4, 0, 0, 0, 255, 255, 0, 0, 0, 0, 0, 0, 176, 28, 178, 62, 106, 249, 145, 64, 19, 189, 44, 190, 36, 89, 127, 193, 0, 60, 0, 0, 4, 0, 0, 0, 255, 255, 0, 0, 0, 0, 0, 0, 176, 28, 178, 62, 106, 249, 145, 64, 19, 189, 44, 190, 125, 54, 127, 63, 0, 60, 0, 0, 4, 0, 0, 0, 255, 255, 0, 0, 0, 0, 0, 0, 176, 28, 178, 62, 106, 249, 145, 64, 19, 189, 44, 190, 111, 4, 127, 193, 0, 60, 0, 0, 4, 0, 0, 0, 255, 255, 0, 0, 0, 0, 0, 0, 199, 59, 66, 62, 202, 207, 139, 64, 61, 182, 200, 190, 126, 93, 127, 63, 0, 60, 0, 60, 4, 0, 0, 0, 255, 255, 0, 0, 0, 0, 0, 0, 199, 59, 66, 62, 202, 207, 139, 64, 61, 182, 200, 190, 125, 54, 127, 63, 0, 60, 0, 60, 4, 0, 0, 0, 255, 255, 0, 0, 0, 0, 0, 0, 199, 59, 66, 62, 4, 247, 145, 64, 61, 182, 200, 190, 48, 110, 127, 63, 0, 60, 0, 0, 4, 0, 0, 0, 255, 255, 0, 0, 0, 0, 0, 0, 199, 59, 66, 62, 4, 247, 145, 64, 61, 182, 200, 190, 126, 93, 127, 63, 0, 60, 0, 0, 4, 0, 0, 0, 255, 255, 0, 0, 0, 0, 0, 0, 199, 59, 66, 62, 4, 247, 145, 64, 61, 182, 200, 190, 53, 95, 127, 63, 0, 60, 0, 0, 4, 0, 0, 0, 255, 255, 0, 0, 0, 0, 0, 0, 199, 59, 66, 62, 4, 247, 145, 64, 61, 182, 200, 190, 125, 54, 127, 63, 0, 60, 0, 0, 4, 0, 0, 0, 255, 255, 0, 0, 0, 0, 0, 0, 36, 158, 157, 61, 83, 161, 139, 64, 181, 82, 221, 190, 130, 119, 127, 63, 0, 60, 0, 0, 4, 0, 0, 0, 255, 255, 0, 0, 0, 0, 0, 0, 36, 158, 157, 61, 83, 161, 139, 64, 181, 82, 221, 190, 126, 93, 127, 63, 0, 60, 0, 0, 4, 0, 0, 0, 255, 255, 0, 0, 0, 0, 0, 0, 0, 0, 0, 0, 83, 161, 139, 64, 82, 242, 218, 190, 130, 119, 127, 63, 0, 56, 0, 0, 4, 0, 0, 0, 255, 255, 0, 0, 0, 0, 0, 0, 0, 0, 0, 0, 83, 161, 139, 64, 82, 242, 218, 190, 126, 119, 127, 63, 0, 56, 0, 0, 4, 0, 0, 0, 255, 255, 0, 0, 0, 0, 0, 0, 152, 229, 102, 62, 102, 204, 139, 64, 227, 183, 94, 63, 250, 120, 127, 193, 0, 60, 0, 60, 4, 0, 0, 0, 255, 255, 0, 0, 0, 0, 0, 0, 0, 0, 0, 0, 100, 129, 139, 64, 140, 16, 118, 63, 254, 124, 127, 193, 0, 56, 0, 60, 4, 0, 0, 0, 255, 255, 0, 0, 0, 0, 0, 0, 0, 0, 0, 0, 100, 129, 139, 64, 140, 16, 118, 63, 2, 124, 127, 193, 0, 56, 0, 60, 4, 0, 0, 0, 255, 255, 0, 0, 0, 0, 0, 0, 138, 28, 166, 61, 240, 142, 139, 64, 182, 101, 111, 63, 250, 120, 127, 193, 0, 60, 0, 60, 4, 0, 0, 0, 255, 255, 0, 0, 0, 0, 0, 0, 138, 28, 166, 61, 240, 142, 139, 64, 182, 101, 111, 63, 254, 124, 127, 193, 0, 60, 0, 60, 4, 0, 0, 0, 255, 255, 0, 0, 0, 0, 0, 0, 138, 28, 166, 189, 240, 142, 139, 64, 37, 78, 230, 62, 217, 0, 127, 193, 0, 60, 0, 60, 4, 0, 0, 0, 255, 255, 0, 0, 0, 0, 0, 0, 138, 28, 166, 189, 240, 142, 139, 64, 37, 78, 230, 62, 226, 0, 131, 177, 0, 60, 0, 60, 4, 0, 0, 0, 255, 255, 0, 0, 0, 0, 0, 0, 138, 28, 166, 189, 240, 142, 139, 64, 37, 78, 230, 62, 2, 124, 127, 193, 0, 60, 0, 60, 4, 0, 0, 0, 255, 255, 0, 0, 0, 0, 0, 0, 138, 28, 166, 189, 240, 142, 139, 64, 37, 78, 230, 62, 6, 120, 127, 193, 0, 60, 0, 60, 4, 0, 0, 0, 255, 255, 0, 0, 0, 0, 0, 0, 138, 28, 166, 189, 43, 182, 145, 64, 37, 78, 230, 62, 217, 0, 127, 193, 0, 60, 0, 0, 4, 0, 0, 0, 255, 255, 0, 0, 0, 0, 0, 0, 138, 28, 166, 189, 43, 182, 145, 64, 37, 78, 230, 62, 226, 0, 131, 177, 0, 60, 0, 0, 4, 0, 0, 0, 255, 255, 0, 0, 0, 0, 0, 0, 138, 28, 166, 189, 43, 182, 145, 64, 37, 78, 230, 62, 234, 85, 127, 193, 0, 60, 0, 0, 4, 0, 0, 0, 255, 255, 0, 0, 0, 0, 0, 0, 138, 28, 166, 189, 43, 182, 145, 64, 37, 78, 230, 62, 253, 94, 127, 193, 0, 60, 0, 0, 4, 0, 0, 0, 255, 255, 0, 0, 0, 0, 0, 0, 36, 158, 157, 189, 97, 85, 149, 64, 61, 69, 183, 61, 220, 89, 127, 193, 0, 60, 0, 0, 4, 0, 0, 0, 255, 255, 0, 0, 0, 0, 0, 0, 36, 158, 157, 189, 97, 85, 149, 64, 61, 69, 183, 61, 234, 85, 127, 193, 0, 60, 0, 0, 4, 0, 0, 0, 255, 255, 0, 0, 0, 0, 0, 0, 36, 158, 157, 189, 97, 85, 149, 64, 61, 69, 183, 61, 253, 94, 127, 193, 0, 60, 0, 0, 4, 0, 0, 0, 255, 255, 0, 0, 0, 0, 0, 0, 36, 158, 157, 189, 97, 85, 149, 64, 61, 69, 183, 61, 0, 125, 127, 193, 0, 60, 0, 0, 4, 0, 0, 0, 255, 255, 0, 0, 0, 0, 0, 0, 36, 158, 157, 189, 66, 112, 149, 64, 202, 69, 64, 190, 220, 89, 127, 193, 0, 60, 0, 0, 4, 0, 0, 0, 255, 255, 0, 0, 0, 0, 0, 0, 36, 158, 157, 189, 66, 112, 149, 64, 202, 69, 64, 190, 203, 95, 127, 63, 0, 60, 0, 0, 4, 0, 0, 0, 255, 255, 0, 0, 0, 0, 0, 0, 36, 158, 157, 189, 66, 112, 149, 64, 202, 69, 64, 190, 208, 110, 127, 63, 0, 60, 0, 0, 4, 0, 0, 0, 255, 255, 0, 0, 0, 0, 0, 0, 36, 158, 157, 189, 66, 112, 149, 64, 202, 69, 64, 190, 0, 125, 127, 193, 0, 60, 0, 0, 4, 0, 0, 0, 255, 255, 0, 0, 0, 0, 0, 0, 36, 158, 157, 189, 66, 112, 149, 64, 202, 69, 64, 190, 38, 125, 127, 63, 0, 60, 0, 0, 4, 0, 0, 0, 255, 255, 0, 0, 0, 0, 0, 0, 36, 158, 157, 189, 65, 49, 146, 64, 181, 82, 221, 190, 130, 93, 127, 63, 0, 60, 0, 0, 4, 0, 0, 0, 255, 255, 0, 0, 0, 0, 0, 0, 36, 158, 157, 189, 65, 49, 146, 64, 181, 82, 221, 190, 208, 110, 127, 63, 0, 60, 0, 0, 4, 0, 0, 0, 255, 255, 0, 0, 0, 0, 0, 0, 36, 158, 157, 189, 65, 49, 146, 64, 181, 82, 221, 190, 38, 125, 127, 63, 0, 60, 0, 0, 4, 0, 0, 0, 255, 255, 0, 0, 0, 0, 0, 0, 36, 158, 157, 189, 65, 49, 146, 64, 181, 82, 221, 190, 126, 119, 127, 63, 0, 60, 0, 0, 4, 0, 0, 0, 255, 255, 0, 0, 0, 0, 0, 0, 152, 229, 102, 190, 102, 204, 139, 64, 123, 242, 196, 62, 166, 0, 127, 193, 0, 60, 0, 60, 4, 0, 0, 0, 255, 255, 0, 0, 0, 0, 0, 0, 152, 229, 102, 190, 102, 204, 139, 64, 123, 242, 196, 62, 217, 0, 127, 193, 0, 60, 0, 60, 4, 0, 0, 0, 255, 255, 0, 0, 0, 0, 0, 0, 152, 229, 102, 190, 102, 204, 139, 64, 123, 242, 196, 62, 6, 120, 127, 193, 0, 60, 0, 60, 4, 0, 0, 0, 255, 255, 0, 0, 0, 0, 0, 0, 152, 229, 102, 190, 161, 243, 145, 64, 123, 242, 196, 62, 166, 0, 127, 193, 0, 60, 0, 0, 4, 0, 0, 0, 255, 255, 0, 0, 0, 0, 0, 0, 152, 229, 102, 190, 161, 243, 145, 64, 123, 242, 196, 62, 217, 0, 127, 193, 0, 60, 0, 0, 4, 0, 0, 0, 255, 255, 0, 0, 0, 0, 0, 0, 152, 229, 102, 190, 161, 243, 145, 64, 123, 242, 196, 62, 234, 85, 127, 193, 0, 60, 0, 0, 4, 0, 0, 0, 255, 255, 0, 0, 0, 0, 0, 0, 58, 164, 168, 190, 202, 207, 139, 64, 30, 181, 252, 61, 145, 4, 127, 193, 0, 60, 0, 60, 4, 0, 0, 0, 255, 255, 0, 0, 0, 0, 0, 0, 58, 164, 168, 190, 202, 207, 139, 64, 30, 181, 252, 61, 166, 0, 127, 193, 0, 60, 0, 60, 4, 0, 0, 0, 255, 255, 0, 0, 0, 0, 0, 0, 58, 164, 168, 190, 4, 247, 145, 64, 31, 181, 252, 61, 145, 4, 127, 193, 0, 60, 0, 0, 4, 0, 0, 0, 255, 255, 0, 0, 0, 0, 0, 0, 58, 164, 168, 190, 4, 247, 145, 64, 31, 181, 252, 61, 166, 0, 127, 193, 0, 60, 0, 0, 4, 0, 0, 0, 255, 255, 0, 0, 0, 0, 0, 0, 58, 164, 168, 190, 4, 247, 145, 64, 31, 181, 252, 61, 220, 89, 127, 193, 0, 60, 0, 0, 4, 0, 0, 0, 255, 255, 0, 0, 0, 0, 0, 0, 58, 164, 168, 190, 4, 247, 145, 64, 31, 181, 252, 61, 234, 85, 127, 193, 0, 60, 0, 0, 4, 0, 0, 0, 255, 255, 0, 0, 0, 0, 0, 0, 121, 17, 186, 190, 179, 15, 140, 64, 214, 10, 32, 190, 145, 4, 127, 193, 0, 60, 0, 60, 4, 0, 0, 0, 255, 255, 0, 0, 0, 0, 0, 0, 121, 17, 186, 190, 179, 15, 140, 64, 214, 10, 32, 190, 131, 54, 127, 63, 0, 60, 0, 60, 4, 0, 0, 0, 255, 255, 0, 0, 0, 0, 0, 0, 176, 28, 178, 190, 106, 249, 145, 64, 19, 189, 44, 190, 145, 4, 127, 193, 0, 60, 0, 0, 4, 0, 0, 0, 255, 255, 0, 0, 0, 0, 0, 0, 176, 28, 178, 190, 106, 249, 145, 64, 19, 189, 44, 190, 131, 54, 127, 63, 0, 60, 0, 0, 4, 0, 0, 0, 255, 255, 0, 0, 0, 0, 0, 0, 176, 28, 178, 190, 106, 249, 145, 64, 19, 189, 44, 190, 220, 89, 127, 193, 0, 60, 0, 0, 4, 0, 0, 0, 255, 255, 0, 0, 0, 0, 0, 0, 176, 28, 178, 190, 106, 249, 145, 64, 19, 189, 44, 190, 203, 95, 127, 63, 0, 60, 0, 0, 4, 0, 0, 0, 255, 255, 0, 0, 0, 0, 0, 0, 199, 59, 66, 190, 202, 207, 139, 64, 61, 182, 200, 190, 131, 54, 127, 63, 0, 60, 0, 60, 4, 0, 0, 0, 255, 255, 0, 0, 0, 0, 0, 0, 199, 59, 66, 190, 202, 207, 139, 64, 61, 182, 200, 190, 130, 93, 127, 63, 0, 60, 0, 60, 4, 0, 0, 0, 255, 255, 0, 0, 0, 0, 0, 0, 199, 59, 66, 190, 4, 247, 145, 64, 61, 182, 200, 190, 131, 54, 127, 63, 0, 60, 0, 0, 4, 0, 0, 0, 255, 255, 0, 0, 0, 0, 0, 0, 199, 59, 66, 190, 4, 247, 145, 64, 61, 182, 200, 190, 203, 95, 127, 63, 0, 60, 0, 0, 4, 0, 0, 0, 255, 255, 0, 0, 0, 0, 0, 0, 199, 59, 66, 190, 4, 247, 145, 64, 61, 182, 200, 190, 130, 93, 127, 63, 0, 60, 0, 0, 4, 0, 0, 0, 255, 255, 0, 0, 0, 0, 0, 0, 199, 59, 66, 190, 4, 247, 145, 64, 61, 182, 200, 190, 208, 110, 127, 63, 0, 60, 0, 0, 4, 0, 0, 0, 255, 255, 0, 0, 0, 0, 0, 0, 36, 158, 157, 189, 83, 161, 139, 64, 181, 82, 221, 190, 130, 93, 127, 63, 0, 60, 0, 0, 4, 0, 0, 0, 255, 255, 0, 0, 0, 0, 0, 0, 36, 158, 157, 189, 83, 161, 139, 64, 181, 82, 221, 190, 126, 119, 127, 63, 0, 60, 0, 0, 4, 0, 0, 0, 255, 255, 0, 0, 0, 0, 0, 0, 152, 229, 102, 190, 102, 204, 139, 64, 227, 183, 94, 63, 6, 120, 127, 193, 0, 60, 0, 60, 4, 0, 0, 0, 255, 255, 0, 0, 0, 0, 0, 0, 138, 28, 166, 189, 240, 142, 139, 64, 182, 101, 111, 63, 2, 124, 127, 193, 0, 60, 0, 60, 4, 0, 0, 0, 255, 255, 0, 0, 0, 0, 0, 0, 138, 28, 166, 189, 240, 142, 139, 64, 182, 101, 111, 63, 6, 120, 127, 193, 0, 60, 0, 60, 4, 0, 0, 0, 255, 255, 0, 0, 0, 0, 0, 0 ),
"array_index_data": PoolByteArray( 11, 0, 6, 0, 2, 0, 11, 0, 15, 0, 6, 0, 14, 0, 17, 0, 4, 0, 14, 0, 22, 0, 17, 0, 21, 0, 24, 0, 16, 0, 21, 0, 29, 0, 24, 0, 28, 0, 32, 0, 23, 0, 28, 0, 36, 0, 32, 0, 7, 0, 40, 0, 3, 0, 7, 0, 43, 0, 40, 0, 44, 0, 45, 0, 41, 0, 44, 0, 49, 0, 45, 0, 50, 0, 52, 0, 46, 0, 50, 0, 56, 0, 52, 0, 55, 0, 58, 0, 51, 0, 55, 0, 62, 0, 58, 0, 35, 0, 63, 0, 31, 0, 35, 0, 65, 0, 63, 0, 57, 0, 34, 0, 64, 0, 57, 0, 60, 0, 34, 0, 5, 0, 47, 0, 42, 0, 5, 0, 18, 0, 47, 0, 19, 0, 54, 0, 48, 0, 19, 0, 27, 0, 54, 0, 33, 0, 59, 0, 25, 0, 61, 0, 53, 0, 26, 0, 1, 0, 68, 0, 9, 0, 1, 0, 71, 0, 68, 0, 39, 0, 70, 0, 0, 0, 39, 0, 67, 0, 70, 0, 8, 0, 77, 0, 12, 0, 8, 0, 73, 0, 77, 0, 13, 0, 82, 0, 20, 0, 13, 0, 79, 0, 82, 0, 21, 0, 87, 0, 29, 0, 21, 0, 83, 0, 87, 0, 30, 0, 91, 0, 37, 0, 30, 0, 88, 0, 91, 0, 76, 0, 94, 0, 97, 0, 76, 0, 72, 0, 94, 0, 96, 0, 100, 0, 102, 0, 96, 0, 93, 0, 100, 0, 101, 0, 105, 0, 107, 0, 101, 0, 99, 0, 105, 0, 108, 0, 111, 0, 113, 0, 108, 0, 106, 0, 111, 0, 38, 0, 118, 0, 66, 0, 38, 0, 92, 0, 118, 0, 112, 0, 89, 0, 115, 0, 112, 0, 117, 0, 89, 0, 78, 0, 104, 0, 81, 0, 78, 0, 98, 0, 104, 0, 80, 0, 109, 0, 84, 0, 80, 0, 103, 0, 109, 0, 90, 0, 86, 0, 116, 0, 114, 0, 85, 0, 110, 0, 74, 0, 69, 0, 120, 0, 74, 0, 10, 0, 69, 0, 95, 0, 121, 0, 119, 0, 95, 0, 75, 0, 121, 0 ),
"blend_shape_data": [  ],
"format": 2194903,
"index_count": 180,
"material": ExtResource( 2 ),
"primitive": 4,
"skeleton_aabb": [ AABB( 0, 0, 0, -1, -1, -1 ), AABB( 0, 0, 0, -1, -1, -1 ), AABB( 0, 0, 0, -1, -1, -1 ), AABB( 0, 0, 0, -1, -1, -1 ), AABB( -0.363415, 4.35954, -0.432272, 0.726829, 0.310409, 1.39346 ) ],
"vertex_count": 122
}

[sub_resource type="Skin" id=2]
resource_name = "Skin"
bind_count = 29
bind/0/name = "Bone"
bind/0/bone = -1
bind/0/pose = Transform( 1, 0, 0, 0, 1, 0, 0, 0, 1, 0, 1.22385, 0 )
bind/1/name = "Stomach"
bind/1/bone = -1
bind/1/pose = Transform( 1, 0, 0, 0, 1, 0, 0, 0, 1, 0, -1.2882, 0 )
bind/2/name = "Chest"
bind/2/bone = -1
bind/2/pose = Transform( 1, 0, 0, 0, 1, 0, 0, 0, 1, 0, -2.2882, 0 )
bind/3/name = "Neck"
bind/3/bone = -1
bind/3/pose = Transform( 1, 0, 0, 0, 1, 0, 0, 0, 1, 0, -3.61477, 0 )
bind/4/name = "Head"
bind/4/bone = -1
bind/4/pose = Transform( 1, 0, 0, 0, 1, 0, 0, 0, 1, 0, -3.76559, 0 )
bind/5/name = "Shoulder.L"
bind/5/bone = -1
bind/5/pose = Transform( -0.4845, -0.874792, 2.40253e-07, 0.874792, -0.4845, -6.50968e-08, 1.73348e-07, 1.78632e-07, 1, 3.16217, 1.75136, -6.45713e-07 )
bind/6/name = "Arm.L"
bind/6/bone = -1
bind/6/pose = Transform( -0.697689, -0.716401, -8.11794e-08, 0.716401, -0.697689, -9.37407e-08, 1.05179e-08, -1.23559e-07, 1, 2.83574, 1.62, 4.42927e-07 )
bind/7/name = "Hand.L"
bind/7/bone = -1
bind/7/pose = Transform( -0.839109, -0.543962, 0.00115855, 0.540975, -0.834274, 0.106457, -0.0569419, 0.0899556, 0.994317, 2.55523, 1.54331, -0.168212 )
bind/8/name = "Shoulder.R"
bind/8/bone = -1
bind/8/pose = Transform( -0.4845, 0.874792, -2.40253e-07, -0.874792, -0.4845, -6.50968e-08, -1.73348e-07, 1.78632e-07, 1, -3.16217, 1.75136, -6.45713e-07 )
bind/9/name = "Arm.R"
bind/9/bone = -1
bind/9/pose = Transform( -0.697689, 0.716401, 8.11794e-08, -0.716401, -0.697689, -9.37407e-08, -1.05179e-08, -1.23559e-07, 1, -2.83574, 1.62, 4.42927e-07 )
bind/10/name = "Hand.R"
bind/10/bone = -1
bind/10/pose = Transform( -0.839109, 0.543962, -0.00115855, -0.540975, -0.834274, 0.106457, 0.0569419, 0.0899556, 0.994317, -2.55523, 1.54331, -0.168212 )
bind/11/name = "Bone.007.L"
bind/11/bone = -1
bind/11/pose = Transform( -1.49059e-07, 2.06946e-07, 1, 0.925547, 0.378633, 6.95856e-08, -0.378633, 0.925547, -2.68011e-07, -2.66588e-07, -0.487756, -1.19229 )
bind/12/name = "Thight.L"
bind/12/bone = -1
bind/12/pose = Transform( -0.00382636, 0.0726816, 0.997348, 0.0582246, -0.995647, 0.0727811, 0.998296, 0.0583491, -0.000422146, -0.0997759, 1.36543, -0.317704 )
bind/13/name = "Knee.L"
bind/13/bone = -1
bind/13/pose = Transform( -0.00220561, -0.0724258, 0.997371, -0.0260855, -0.99703, -0.0724587, 0.999657, -0.0261764, 0.000309807, 0.011586, 0.778598, -0.252982 )
bind/14/name = "Feet1.L"
bind/14/bone = -1
bind/14/pose = Transform( 0.027608, 0.926019, 0.376466, -1.23866e-07, -0.376609, 0.926372, 0.999619, -0.025575, -0.0103973, -0.147981, 0.0572973, -0.253063 )
bind/15/name = "Feet2.L"
bind/15/bone = -1
bind/15/pose = Transform( 0.0276083, 0.992867, 0.115989, -2.67755e-08, -0.116033, 0.993245, 0.999619, -0.0274215, -0.00320344, -0.102824, -0.18246, -0.25431 )
bind/16/name = "Bone.007.R"
bind/16/bone = -1
bind/16/pose = Transform( -1.49059e-07, -2.06946e-07, -1, -0.925547, 0.378633, 6.95856e-08, 0.378633, 0.925547, -2.68011e-07, 2.66588e-07, -0.487756, -1.19229 )
bind/17/name = "Thight.R"
bind/17/bone = -1
bind/17/pose = Transform( -0.00382636, -0.0726816, -0.997348, -0.0582246, -0.995647, 0.0727811, -0.998296, 0.0583491, -0.000422146, 0.0997759, 1.36543, -0.317704 )
bind/18/name = "Knee.R"
bind/18/bone = -1
bind/18/pose = Transform( -0.00220561, 0.0724258, -0.997371, 0.0260855, -0.99703, -0.0724587, -0.999657, -0.0261764, 0.000309807, -0.011586, 0.778598, -0.252982 )
bind/19/name = "Feet1.R"
bind/19/bone = -1
bind/19/pose = Transform( 0.027608, -0.926019, -0.376466, 1.23866e-07, -0.376609, 0.926372, -0.999619, -0.025575, -0.0103973, 0.147981, 0.0572973, -0.253063 )
bind/20/name = "Feet2.R"
bind/20/bone = -1
bind/20/pose = Transform( 0.0276083, -0.992867, -0.115989, 2.67755e-08, -0.116033, 0.993245, -0.999619, -0.0274215, -0.00320344, 0.102824, -0.18246, -0.25431 )
bind/21/name = "Handle Hand.L"
bind/21/bone = -1
bind/21/pose = Transform( -0.838408, -0.545044, 0, 0, 0, -1, 0.545044, -0.838408, 0, 2.55627, 0.0880806, 0.726469 )
bind/22/name = "Handle Arm.L"
bind/22/bone = -1
bind/22/pose = Transform( -0.697689, -0.716401, 0, 8.54016e-08, -8.3171e-08, -1, 0.716401, -0.697689, 0, 2.83574, -1.08841, 0.947547 )
bind/23/name = "Handle Feet.L"
bind/23/bone = -1
bind/23/pose = Transform( -0.0264642, -0.99965, 0, 0, 0, -1, 0.99965, -0.0264642, 0, 0.158889, -1.63267e-07, -0.252936 )
bind/24/name = "Handle Knee.L"
bind/24/bone = -1
bind/24/pose = Transform( -0.0579571, 0.998319, 0, 0, 0, 1, 0.998319, 0.0579571, 0, -0.753372, -0.946979, -0.317427 )
bind/25/name = "Handle Hand.R"
bind/25/bone = -1
bind/25/pose = Transform( -0.838408, 0.545044, 0, 0, 0, -1, -0.545044, -0.838408, 0, -2.55627, 0.0880806, 0.726469 )
bind/26/name = "Handle Arm.R"
bind/26/bone = -1
bind/26/pose = Transform( -0.697689, 0.716401, 0, -8.54016e-08, -8.3171e-08, -1, -0.716401, -0.697689, 0, -2.83574, -1.08841, 0.947547 )
bind/27/name = "Handle Feet.R"
bind/27/bone = -1
bind/27/pose = Transform( -0.0264642, 0.99965, 0, 0, 0, -1, -0.99965, -0.0264642, 0, -0.158889, -1.63267e-07, -0.252936 )
bind/28/name = "Handle Knee.R"
bind/28/bone = -1
bind/28/pose = Transform( -0.0579571, -0.998319, 0, 0, 0, 1, -0.998319, 0.0579571, 0, 0.753372, -0.946979, -0.317427 )

[sub_resource type="ArrayMesh" id=8]
resource_name = "Workers_Plane004"
surfaces/0 = {
"aabb": AABB( -1.88014, -0.0134265, -0.473183, 3.76028, 4.6114, 1.23569 ),
